1.175571e-04 3.457560e-04 7.527606e-04 1.390121e-03 2.261832e-03 3.286672e-03 4.286056e-03 5.021523e-03 5.280762e-03 4.974205e-03 
1.000970e-04 2.944027e-04 6.409571e-04 1.183654e-03 1.925894e-03 2.798520e-03 3.649471e-03 4.275703e-03 4.496439e-03 4.235413e-03 
8.744365e-05 2.571870e-04 5.599332e-04 1.034027e-03 1.682440e-03 2.444757e-03 3.188138e-03 3.735208e-03 3.928040e-03 3.700010e-03 
7.802424e-05 2.294829e-04 4.996172e-04 9.226417e-04 1.501208e-03 2.181408e-03 2.844712e-03 3.332852e-03 3.504912e-03 3.301446e-03 
7.072651e-05 2.080190e-04 4.528872e-04 8.363456e-04 1.360798e-03 1.977378e-03 2.578642e-03 3.021125e-03 3.177092e-03 2.992656e-03 
6.484893e-05 1.907320e-04 4.152510e-04 7.668429e-04 1.247712e-03 1.813052e-03 2.364350e-03 2.770061e-03 2.913067e-03 2.743958e-03 
5.996769e-05 1.763754e-04 3.839947e-04 7.091218e-04 1.153795e-03 1.676582e-03 2.186382e-03 2.561555e-03 2.693797e-03 2.537418e-03 
5.582253e-05 1.641838e-04 3.574517e-04 6.601051e-04 1.074041e-03 1.560691e-03 2.035253e-03 2.384493e-03 2.507593e-03 2.362023e-03 
5.224487e-05 1.536613e-04 3.345427e-04 6.177990e-04 1.005206e-03 1.460667e-03 1.904814e-03 2.231671e-03 2.346882e-03 2.210642e-03 
4.911849e-05 1.444660e-04 3.145233e-04 5.808293e-04 9.450535e-04 1.373259e-03 1.790828e-03 2.098125e-03 2.206442e-03 2.078355e-03 
