9.515805e-05 2.798764e-04 6.093312e-04 1.125250e-03 1.830868e-03 2.660437e-03 3.469400e-03 4.064733e-03 4.274577e-03 4.026430e-03 
1.854041e-04 5.453057e-04 1.187209e-03 2.192415e-03 3.567226e-03 5.183543e-03 6.759711e-03 7.919645e-03 8.328502e-03 7.845018e-03 
2.579923e-04 7.588002e-04 1.652017e-03 3.050776e-03 4.963844e-03 7.212970e-03 9.406229e-03 1.102029e-02 1.158922e-02 1.091645e-02 
3.005274e-04 8.839034e-04 1.924385e-03 3.553756e-03 5.782231e-03 8.402170e-03 1.095703e-02 1.283721e-02 1.349994e-02 1.271624e-02 
3.095321e-04 9.103877e-04 1.982045e-03 3.660237e-03 5.955484e-03 8.653924e-03 1.128534e-02 1.322185e-02 1.390443e-02 1.309726e-02 
2.904912e-04 8.543851e-04 1.860119e-03 3.435077e-03 5.589132e-03 8.121576e-03 1.059112e-02 1.240850e-02 1.304910e-02 1.229158e-02 
2.543042e-04 7.479529e-04 1.628401e-03 3.007164e-03 4.892884e-03 7.109858e-03 9.271763e-03 1.086275e-02 1.142355e-02 1.076039e-02 
2.124737e-04 6.249221e-04 1.360545e-03 2.512515e-03 4.088053e-03 5.940357e-03 7.746650e-03 9.075939e-03 9.544490e-03 8.990416e-03 
1.734960e-04 5.102821e-04 1.110958e-03 2.051602e-03 3.338112e-03 4.850617e-03 6.325552e-03 7.410987e-03 7.793583e-03 7.341152e-03 
1.416150e-04 4.165143e-04 9.068115e-04 1.674606e-03 2.724712e-03 3.959283e-03 5.163188e-03 6.049167e-03 6.361459e-03 5.992165e-03 
