4.184786e-03 3.134770e-03 2.086231e-03 1.235309e-03 6.588682e-04 3.294663e-04 1.694656e-04 1.020100e-04 7.550784e-05 6.396738e-05 
3.563242e-03 2.669180e-03 1.776374e-03 1.051835e-03 5.610100e-04 2.805324e-04 1.442958e-04 8.685904e-05 6.429306e-05 5.446665e-05 
3.112809e-03 2.331766e-03 1.551821e-03 9.188718e-04 4.900923e-04 2.450701e-04 1.260552e-04 7.587911e-05 5.616572e-05 4.758147e-05 
2.777498e-03 2.080589e-03 1.384659e-03 8.198911e-04 4.372996e-04 2.186712e-04 1.124766e-04 6.770542e-05 5.011556e-05 4.245600e-05 
2.517714e-03 1.885988e-03 1.255150e-03 7.432053e-04 3.963983e-04 1.982185e-04 1.019565e-04 6.137283e-05 4.542817e-05 3.848502e-05 
2.308485e-03 1.729257e-03 1.150844e-03 6.814429e-04 3.634565e-04 1.817460e-04 9.348360e-05 5.627257e-05 4.165296e-05 3.528681e-05 
2.134723e-03 1.599094e-03 1.064218e-03 6.301499e-04 3.360987e-04 1.680658e-04 8.644699e-05 5.203688e-05 3.851770e-05 3.263073e-05 
1.987164e-03 1.488560e-03 9.906562e-04 5.865920e-04 3.128665e-04 1.564485e-04 8.047151e-05 4.843992e-05 3.585523e-05 3.037519e-05 
1.859807e-03 1.393158e-03 9.271652e-04 5.489974e-04 2.928149e-04 1.464218e-04 7.531410e-05 4.533541e-05 3.355728e-05 2.842845e-05 
1.748514e-03 1.309790e-03 8.716827e-04 5.161448e-04 2.752926e-04 1.376598e-04 7.080723e-05 4.262250e-05 3.154918e-05 2.672726e-05 
