3.387425e-03 2.537478e-03 1.688725e-03 9.999358e-04 5.333288e-04 2.666905e-04 1.371760e-04 8.257326e-05 6.112073e-05 5.177917e-05 
6.599993e-03 4.943972e-03 3.290279e-03 1.948255e-03 1.039127e-03 5.196145e-04 2.672710e-04 1.608841e-04 1.190864e-04 1.008855e-04 
9.183980e-03 6.879603e-03 4.578468e-03 2.711024e-03 1.445960e-03 7.230506e-04 3.719112e-04 2.238724e-04 1.657104e-04 1.403836e-04 
1.069814e-02 8.013842e-03 5.333318e-03 3.157990e-03 1.684355e-03 8.422598e-04 4.332282e-04 2.607822e-04 1.930310e-04 1.635286e-04 
1.101869e-02 8.253960e-03 5.493120e-03 3.252612e-03 1.734823e-03 8.674964e-04 4.462089e-04 2.685960e-04 1.988148e-04 1.684283e-04 
1.034087e-02 7.746216e-03 5.155210e-03 3.052527e-03 1.628105e-03 8.141322e-04 4.187603e-04 2.520733e-04 1.865847e-04 1.580675e-04 
9.052692e-03 6.781257e-03 4.513017e-03 2.672269e-03 1.425289e-03 7.127144e-04 3.665946e-04 2.206721e-04 1.633415e-04 1.383767e-04 
7.563614e-03 5.665808e-03 3.770670e-03 2.232707e-03 1.190843e-03 5.954799e-04 3.062935e-04 1.843737e-04 1.364734e-04 1.156151e-04 
6.176092e-03 4.626433e-03 3.078953e-03 1.823124e-03 9.723869e-04 4.862410e-04 2.501049e-04 1.505509e-04 1.114378e-04 9.440589e-05 
5.041194e-03 3.776294e-03 2.513174e-03 1.488112e-03 7.937042e-04 3.968909e-04 2.041464e-04 1.228862e-04 9.096036e-05 7.705817e-05 
